    0  228  228  228  228  228  228    0  103    0    0    0    0    0  170    0  191    0  228  228
    0    0  228    0    0  228  228    0    0    0  128    0    0    0  170    0    0  228  228  228
   12    0    0  228    0    0  228    0  228    0    0    0  228  228    0  228  228  228  228  228
   12    0    0  228  228    0  228  228  228  228  228  228    0  228  228    0    0  228  228    0
    0   22    0    0  228  228  228  228  228    0  228  228  228  228  228    0    0  228    0    0
   10    0  228  228  228  228  228  228  228  228  228    0  228    0  228  228  228  228  228  228
    0  228  228  228  228    0  228  228  228  228  228  228  228  228  228  228    0    0    0  228
  228  228  228  228  228    0    0  228    0  228    0  228  228    0  228  228  228    0  210    0
    0  228  228  228  228  228    0    0    0    0    0    0  228  228  228  228    0  210  210    0
  228  228  228    0  228    0   89   89    0  134  134    0    0    0  228    0    0    0    0  223
  228  228    0    0  228    0   89    0    0  134  134  134    0  228  228  228    0    0    0  223
    0    0  228  228  228  228    0    0    0    0  134  134    0    0    0    0  187    0    0  223
  228  228  228    0    0    0   88   88    0    0    0    0  152    0  174  174    0    0  220    0
  228  228  228  228  228  228    0    0    0  150  150    0  152    0    0    0  220  220  220    0
  228    0  228    0  228    0    0   87    0  150  150    0  152  152    0    0    0  220  220    0
    0    0  228    0    0   66    0    0    0  150  150  150    0  152    0  220  220    0  220  220
    3    0  228  228    0    0    0    0    0    0  150  150  150    0  159    0  220    0  220  220
    0   14    0    0   74   74    0  150  150  150  150    0  150  150    0  220  220  220    0  220
   14   14    0   74   74   74   74    0  150    0  150  150    0    0    0  220  220  220  220  220
   14    0    0    0   74   74    0  150  150    0  150  150    0    0    0    0  220    0  220  220
