   18   18   18    0    0    0   33    0   53   53
   18   18   18    0   28   28    0   53   53    0
    0   18    0    0    0    0    0    0   53    0
    0   18    0    0   23    0    0   38    0   52
    0    0   21   21    0   27    0    0   51    0
   21   21   21    0    0    0   32    0   51    0
   21    0    0    0   26   26    0   51   51    0
    0   20   20   20    0    0   51   51   51   51
    7    0    0    0    0   51   51   51   51   51
    7    7    0   19    0    0   51   51   51   51
